20220101;20220109;20220109;3;8;8;8;0;0;C100
20220201;20220213;20220213;3;1;12;12;0;0;C101
20220301;20220319;20220321;1;1;18;20;1;2;C102
20220401;20220405;20220408;2;10;4;7;1;3;C103
20220501;20220508;20220508;4;3;7;7;0;0;C104
20220601;20220603;20220605;4;7;2;4;1;2;C105
20220701;20220709;20220709;3;9;8;8;0;0;C106
20220801;20220818;20220820;5;1;17;19;1;2;C107
20220901;20220912;20220912;3;6;11;11;0;0;C108
20221001;20221018;20221018;1;3;17;17;0;0;C109
20221101;20221109;20221109;4;2;8;8;0;0;C110
20221201;20221212;20221212;4;9;11;11;0;0;C111
20210101;20210107;20210107;3;7;6;6;0;0;C112
20210201;20210203;20210204;5;4;2;3;1;1;C113
20210301;20210313;20210316;1;1;12;15;1;3;C114
20210401;20210409;20210411;3;10;8;10;1;2;C115
20210501;20210513;20210514;2;5;12;13;1;1;C116
20210601;20210609;20210610;5;3;8;9;1;1;C117
20210701;20210716;20210716;2;7;15;15;0;0;C118
20210801;20210805;20210805;1;6;4;4;0;0;C119
20210901;20210905;20210908;2;4;4;7;1;3;C120
20211001;20211002;20211007;4;2;1;6;1;5;C121
20211101;20211116;20211118;4;5;15;17;1;2;C122
20211201;20211208;20211208;2;4;7;7;0;0;C123
20220101;20220109;20220109;4;10;8;8;0;0;C100
20220201;20220207;20220207;3;9;6;6;0;0;C101
20220301;20220321;20220321;5;3;20;20;0;0;C102
20220401;20220402;20220402;5;5;1;1;0;0;C103
20220501;20220516;20220518;2;2;15;17;1;2;C104
20220601;20220606;20220608;2;10;5;7;1;2;C105
20220701;20220705;20220705;4;3;4;4;0;0;C106
20220801;20220811;20220811;2;8;10;10;0;0;C107
20220901;20220913;20220914;4;7;12;13;1;1;C108
20221001;20221017;20221018;2;5;16;17;1;1;C109
20221101;20221114;20221117;4;8;13;16;1;3;C110
20221201;20221219;20221220;3;10;18;19;1;1;C111
20210101;20210118;20210120;2;4;17;19;1;2;C112
20210201;20210213;20210213;1;8;12;12;0;0;C113
20210301;20210315;20210315;4;10;14;14;0;0;C114
20210401;20210417;20210417;4;8;16;16;0;0;C115
20210501;20210504;20210504;3;6;3;3;0;0;C116
20210601;20210605;20210606;2;2;4;5;1;1;C117
20210701;20210716;20210716;4;2;15;15;0;0;C118
20210801;20210818;20210818;3;9;17;17;0;0;C119
20210901;20210906;20210906;1;7;5;5;0;0;C120
20211001;20211002;20211002;4;1;1;1;0;0;C121
20211101;20211102;20211104;4;4;1;3;1;2;C122
20211201;20211202;20211203;2;5;1;2;1;1;C123
20220101;20220102;20220103;4;10;1;2;1;1;C100
20220201;20220219;20220219;2;8;18;18;0;0;C101
20220301;20220311;20220311;1;10;10;10;0;0;C102
20220401;20220420;20220420;1;7;19;19;0;0;C103
20220501;20220506;20220507;3;1;5;6;1;1;C104
20220601;20220620;20220620;3;5;19;19;0;0;C105
20220701;20220713;20220713;2;9;12;12;0;0;C106
20220801;20220814;20220817;2;5;13;16;1;3;C107
20220901;20220917;20220918;3;2;16;17;1;1;C108
20221001;20221002;20221002;3;6;1;1;0;0;C109
20221101;20221112;20221112;1;8;11;11;0;0;C110
20221201;20221221;20221222;1;5;20;21;1;1;C111
20210101;20210120;20210121;4;6;19;20;1;1;C112
20210201;20210206;20210207;2;4;5;6;1;1;C113
20210301;20210305;20210305;2;10;4;4;0;0;C114
20210401;20210421;20210422;3;6;20;21;1;1;C115
20210501;20210506;20210506;2;1;5;5;0;0;C116
20210601;20210609;20210609;1;10;8;8;0;0;C117
20210701;20210708;20210708;3;2;7;7;0;0;C118
20210801;20210807;20210808;1;1;6;7;1;1;C119
20210901;20210915;20210916;1;2;14;15;1;1;C120
20211001;20211015;20211016;3;5;14;15;1;1;C121
20211101;20211121;20211121;3;9;20;20;0;0;C122
20211201;20211213;20211213;4;5;12;12;0;0;C123
20220101;20220115;20220115;4;8;14;14;0;0;C100
20220201;20220204;20220206;5;3;3;5;1;2;C101
20220301;20220319;20220319;5;5;18;18;0;0;C102
20220401;20220418;20220419;1;6;17;18;1;1;C103
20220501;20220513;20220513;4;9;12;12;0;0;C104
20220601;20220613;20220616;1;9;12;15;1;3;C105
20220701;20220713;20220713;4;8;12;12;0;0;C106
20220801;20220815;20220817;3;3;14;16;1;2;C107
20220901;20220915;20220916;3;10;14;15;1;1;C108
20221001;20221019;20221019;4;2;18;18;0;0;C109
20221101;20221108;20221109;3;1;7;8;1;1;C110
20221201;20221212;20221212;5;8;11;11;0;0;C111
20210101;20210121;20210121;5;10;20;20;0;0;C112
20210201;20210218;20210219;4;2;17;18;1;1;C113
20210301;20210314;20210315;2;7;13;14;1;1;C114
20210401;20210419;20210419;2;8;18;18;0;0;C115
20210501;20210502;20210503;4;3;1;2;1;1;C116
20210601;20210605;20210606;4;8;4;5;1;1;C117
20210701;20210718;20210718;3;4;17;17;0;0;C118
20210801;20210803;20210803;3;10;2;2;0;0;C119
20210901;20210915;20210916;2;1;14;15;1;1;C120
20211001;20211008;20211008;5;2;7;7;0;0;C121
20211101;20211116;20211117;4;6;15;16;1;1;C122
20211201;20211208;20211209;5;1;7;8;1;1;C123
20220101;20220120;20220120;2;3;19;19;0;0;C100
20220201;20220206;20220206;2;3;5;5;0;0;C101
20220301;20220317;20220317;5;6;16;16;0;0;C102
20220401;20220416;20220420;3;3;15;19;1;4;C103
20220501;20220521;20220521;1;4;20;20;0;0;C104
20220601;20220621;20220623;5;4;20;22;1;2;C105
20220701;20220709;20220713;5;3;8;12;1;4;C106
20220801;20220803;20220803;2;7;2;2;0;0;C107
20220901;20220902;20220903;5;5;1;2;1;1;C108
20221001;20221006;20221006;4;3;5;5;0;0;C109
20221101;20221109;20221113;1;4;8;12;1;4;C110
20221201;20221214;20221214;5;4;13;13;0;0;C111
20210101;20210102;20210103;5;5;1;2;1;1;C112
20210201;20210208;20210209;1;6;7;8;1;1;C113
20210301;20210320;20210321;4;8;19;20;1;1;C114
20210401;20210416;20210416;4;1;15;15;0;0;C115
20210501;20210519;20210519;3;6;18;18;0;0;C116
20210601;20210621;20210621;1;2;20;20;0;0;C117
20210701;20210720;20210720;4;5;19;19;0;0;C118
20210801;20210804;20210805;5;6;3;4;1;1;C119
20210901;20210903;20210903;5;8;2;2;0;0;C120
20211001;20211005;20211006;2;3;4;5;1;1;C121
20211101;20211112;20211117;1;5;11;16;1;5;C122
20211201;20211209;20211209;5;7;8;8;0;0;C123
20220101;20220110;20220111;3;9;9;10;1;1;C100
20220201;20220208;20220208;1;4;7;7;0;0;C101
20220301;20220310;20220311;1;9;9;10;1;1;C102
20220401;20220408;20220408;5;4;7;7;0;0;C103
20220501;20220515;20220515;3;6;14;14;0;0;C104
20220601;20220615;20220615;2;5;14;14;0;0;C105
20220701;20220704;20220704;2;3;3;3;0;0;C106
20220801;20220807;20220807;5;9;6;6;0;0;C107
20220901;20220910;20220910;5;2;9;9;0;0;C108
20221001;20221011;20221015;1;2;10;14;1;4;C109
20221101;20221117;20221117;1;2;16;16;0;0;C110
20221201;20221211;20221211;2;10;10;10;0;0;C111
20210101;20210108;20210110;4;5;7;9;1;2;C112
20210201;20210220;20210220;4;5;19;19;0;0;C113
20210301;20210309;20210310;3;1;8;9;1;1;C114
20210401;20210418;20210420;1;4;17;19;1;2;C115
20210501;20210504;20210507;1;10;3;6;1;3;C116
20210601;20210605;20210610;5;1;4;9;1;5;C117
20210701;20210709;20210711;4;5;8;10;1;2;C118
20210801;20210817;20210817;2;5;16;16;0;0;C119
20210901;20210919;20210921;4;3;18;20;1;2;C120
20211001;20211019;20211020;1;10;18;19;1;1;C121
20211101;20211115;20211116;1;2;14;15;1;1;C122
20211201;20211212;20211214;2;4;11;13;1;2;C123
20220101;20220112;20220112;4;3;11;11;0;0;C100
20220201;20220211;20220212;1;10;10;11;1;1;C101
20220301;20220319;20220319;2;8;18;18;0;0;C102
20220401;20220411;20220411;2;8;10;10;0;0;C103
20220501;20220507;20220509;3;2;6;8;1;2;C104
20220601;20220617;20220619;3;8;16;18;1;2;C105
20220701;20220715;20220717;4;5;14;16;1;2;C106
20220801;20220808;20220809;2;6;7;8;1;1;C107
20220901;20220916;20220917;2;7;15;16;1;1;C108
20221001;20221021;20221021;3;7;20;20;0;0;C109
20221101;20221108;20221109;2;9;7;8;1;1;C110
20221201;20221212;20221216;1;3;11;15;1;4;C111
20210101;20210119;20210121;3;1;18;20;1;2;C112
20210201;20210220;20210220;4;9;19;19;0;0;C113
20210301;20210309;20210310;3;7;8;9;1;1;C114
20210401;20210417;20210417;5;4;16;16;0;0;C115
20210501;20210508;20210509;2;3;7;8;1;1;C116
20210601;20210604;20210604;2;6;3;3;0;0;C117
20210701;20210707;20210707;5;8;6;6;0;0;C118
20210801;20210808;20210811;4;1;7;10;1;3;C119
20210901;20210907;20210908;2;1;6;7;1;1;C120
20211001;20211017;20211017;5;8;16;16;0;0;C121
20211101;20211104;20211105;2;10;3;4;1;1;C122
20211201;20211204;20211204;5;6;3;3;0;0;C123
20220101;20220114;20220115;5;1;13;14;1;1;C100
20220201;20220207;20220208;4;10;6;7;1;1;C101
20220301;20220304;20220306;2;1;3;5;1;2;C102
20220401;20220417;20220417;2;5;16;16;0;0;C103
20220501;20220509;20220511;4;5;8;10;1;2;C104
20220601;20220607;20220607;1;7;6;6;0;0;C105
20220701;20220708;20220709;5;1;7;8;1;1;C106
20220801;20220814;20220815;3;2;13;14;1;1;C107
20220901;20220914;20220914;1;3;13;13;0;0;C108
20221001;20221017;20221017;3;2;16;16;0;0;C109
20221101;20221115;20221115;3;7;14;14;0;0;C110
20221201;20221218;20221221;1;6;17;20;1;3;C111
20210101;20210108;20210111;1;8;7;10;1;3;C112
20210201;20210205;20210205;5;7;4;4;0;0;C113
20210301;20210316;20210316;1;8;15;15;0;0;C114
20210401;20210418;20210418;2;6;17;17;0;0;C115
20210501;20210508;20210509;1;2;7;8;1;1;C116
20210601;20210616;20210616;3;1;15;15;0;0;C117
20210701;20210711;20210713;1;10;10;12;1;2;C118
20210801;20210810;20210810;5;10;9;9;0;0;C119
20210901;20210915;20210917;4;8;14;16;1;2;C120
20211001;20211019;20211020;5;9;18;19;1;1;C121
20211101;20211117;20211117;5;3;16;16;0;0;C122
20211201;20211212;20211213;1;10;11;12;1;1;C123
20220101;20220113;20220113;1;8;12;12;0;0;C100
20220201;20220210;20220211;1;1;9;10;1;1;C101
20220301;20220312;20220312;3;3;11;11;0;0;C102
20220401;20220416;20220416;3;8;15;15;0;0;C103
20220501;20220505;20220506;4;1;4;5;1;1;C104
20220601;20220605;20220605;3;9;4;4;0;0;C105
20220701;20220703;20220703;5;1;2;2;0;0;C106
20220801;20220805;20220805;5;2;4;4;0;0;C107
20220901;20220918;20220918;1;2;17;17;0;0;C108
20221001;20221020;20221020;3;5;19;19;0;0;C109
20221101;20221111;20221111;4;8;10;10;0;0;C110
20221201;20221211;20221212;2;4;10;11;1;1;C111
20210101;20210102;20210102;3;2;1;1;0;0;C112
20210201;20210215;20210215;5;9;14;14;0;0;C113
20210301;20210311;20210313;4;10;10;12;1;2;C114
20210401;20210409;20210409;3;10;8;8;0;0;C115
20210501;20210512;20210514;3;8;11;13;1;2;C116
20210601;20210602;20210602;2;10;1;1;0;0;C117
20210701;20210705;20210705;5;3;4;4;0;0;C118
20210801;20210809;20210809;1;2;8;8;0;0;C119
20210901;20210917;20210917;3;6;16;16;0;0;C120
20211001;20211002;20211002;3;3;1;1;0;0;C121
20211101;20211115;20211116;4;6;14;15;1;1;C122
20211201;20211214;20211217;2;10;13;16;1;3;C123
20220101;20220111;20220113;3;4;10;12;1;2;C100
20220201;20220204;20220204;2;2;3;3;0;0;C101
20220301;20220319;20220319;3;10;18;18;0;0;C102
20220401;20220418;20220418;5;1;17;17;0;0;C103
20220501;20220514;20220518;5;10;13;17;1;4;C104
20220601;20220603;20220603;2;5;2;2;0;0;C105
20220701;20220705;20220705;3;7;4;4;0;0;C106
20220801;20220820;20220820;3;3;19;19;0;0;C107
20220901;20220911;20220912;1;8;10;11;1;1;C108
20221001;20221010;20221011;1;1;9;10;1;1;C109
20221101;20221109;20221111;2;3;8;10;1;2;C110
20221201;20221203;20221203;3;2;2;2;0;0;C111
20210101;20210119;20210119;5;4;18;18;0;0;C112
20210201;20210206;20210206;5;6;5;5;0;0;C113
20210301;20210310;20210310;1;6;9;9;0;0;C114
20210401;20210417;20210418;3;7;16;17;1;1;C115
20210501;20210516;20210519;2;4;15;18;1;3;C116
20210601;20210607;20210607;3;6;6;6;0;0;C117
20210701;20210707;20210707;2;6;6;6;0;0;C118
20210801;20210805;20210807;2;4;4;6;1;2;C119
20210901;20210905;20210907;4;4;4;6;1;2;C120
20211001;20211019;20211021;1;7;18;20;1;2;C121
20211101;20211115;20211115;1;1;14;14;0;0;C122
20211201;20211212;20211212;1;6;11;11;0;0;C123
20220101;20220116;20220117;1;8;15;16;1;1;C100
20220201;20220204;20220204;4;1;3;3;0;0;C101
20220301;20220314;20220315;4;6;13;14;1;1;C102
20220401;20220410;20220410;2;10;9;9;0;0;C103
20220501;20220515;20220517;2;2;14;16;1;2;C104
20220601;20220611;20220613;3;8;10;12;1;2;C105
20220701;20220710;20220710;4;2;9;9;0;0;C106
20220801;20220812;20220816;1;7;11;15;1;4;C107
20220901;20220905;20220908;3;1;4;7;1;3;C108
20221001;20221017;20221020;1;3;16;19;1;3;C109
20221101;20221102;20221102;2;2;1;1;0;0;C110
20221201;20221207;20221207;1;8;6;6;0;0;C111
20210101;20210117;20210117;2;2;16;16;0;0;C112
20210201;20210214;20210214;1;3;13;13;0;0;C113
20210301;20210305;20210306;1;10;4;5;1;1;C114
20210401;20210407;20210407;4;5;6;6;0;0;C115
20210501;20210507;20210507;5;5;6;6;0;0;C116
20210601;20210611;20210612;4;10;10;11;1;1;C117
20210701;20210711;20210715;3;10;10;14;1;4;C118
20210801;20210803;20210809;4;8;2;8;1;6;C119
20210901;20210907;20210913;4;7;6;12;1;6;C120
20211001;20211016;20211018;1;8;15;17;1;2;C121
20211101;20211107;20211108;2;7;6;7;1;1;C122
20211201;20211216;20211216;4;10;15;15;0;0;C123
20220101;20220104;20220105;1;7;3;4;1;1;C100
20220201;20220216;20220216;3;2;15;15;0;0;C101
20220301;20220316;20220320;4;8;15;19;1;4;C102
20220401;20220415;20220417;1;2;14;16;1;2;C103
20220501;20220504;20220506;5;8;3;5;1;2;C104
20220601;20220612;20220612;2;4;11;11;0;0;C105
20220701;20220704;20220705;3;8;3;4;1;1;C106
20220801;20220818;20220821;3;5;17;20;1;3;C107
20220901;20220908;20220908;3;5;7;7;0;0;C108
20221001;20221009;20221010;4;8;8;9;1;1;C109
20221101;20221119;20221119;5;3;18;18;0;0;C110
20221201;20221217;20221217;1;2;16;16;0;0;C111
20210101;20210105;20210106;3;9;4;5;1;1;C112
20210201;20210206;20210210;3;5;5;9;1;4;C113
20210301;20210316;20210316;1;10;15;15;0;0;C114
20210401;20210418;20210422;4;3;17;21;1;4;C115
20210501;20210504;20210504;5;8;3;3;0;0;C116
20210601;20210611;20210611;3;5;10;10;0;0;C117
20210701;20210706;20210707;1;4;5;6;1;1;C118
20210801;20210821;20210821;3;3;20;20;0;0;C119
20210901;20210905;20210907;1;4;4;6;1;2;C120
20211001;20211002;20211009;3;5;1;8;1;7;C121
20211101;20211120;20211121;1;3;19;20;1;1;C122
20211201;20211221;20211222;5;2;20;21;1;1;C123
20220101;20220120;20220120;2;6;19;19;0;0;C100
20220201;20220218;20220218;2;6;17;17;0;0;C101
20220301;20220316;20220319;1;5;15;18;1;3;C102
20220401;20220404;20220407;1;8;3;6;1;3;C103
20220501;20220510;20220510;5;6;9;9;0;0;C104
20220601;20220616;20220618;5;3;15;17;1;2;C105
20220701;20220720;20220720;4;4;19;19;0;0;C106
20220801;20220812;20220812;2;3;11;11;0;0;C107
20220901;20220920;20220926;4;8;19;25;1;6;C108
20221001;20221018;20221018;4;2;17;17;0;0;C109
20221101;20221118;20221119;3;5;17;18;1;1;C110
20221201;20221212;20221212;5;6;11;11;0;0;C111
20210101;20210119;20210119;1;4;18;18;0;0;C112
20210201;20210203;20210203;4;2;2;2;0;0;C113
20210301;20210305;20210306;4;9;4;5;1;1;C114
20210401;20210413;20210414;1;3;12;13;1;1;C115
20210501;20210505;20210509;5;8;4;8;1;4;C116
20210601;20210603;20210605;5;3;2;4;1;2;C117
20210701;20210702;20210703;5;2;1;2;1;1;C118
20210801;20210814;20210814;2;9;13;13;0;0;C119
20210901;20210907;20210908;2;5;6;7;1;1;C120
20211001;20211021;20211022;4;5;20;21;1;1;C121
20211101;20211116;20211119;1;4;15;18;1;3;C122
20211201;20211219;20211221;4;5;18;20;1;2;C123
20220101;20220106;20220106;3;3;5;5;0;0;C100
20220201;20220211;20220211;1;4;10;10;0;0;C101
20220301;20220307;20220307;5;7;6;6;0;0;C102
20220401;20220407;20220408;2;5;6;7;1;1;C103
20220501;20220511;20220515;4;1;10;14;1;4;C104
20220601;20220617;20220617;3;7;16;16;0;0;C105
20220701;20220721;20220721;3;4;20;20;0;0;C106
20220801;20220817;20220817;1;5;16;16;0;0;C107
20220901;20220904;20220906;5;4;3;5;1;2;C108
20221001;20221012;20221015;1;3;11;14;1;3;C109
20221101;20221102;20221102;3;9;1;1;0;0;C110
20221201;20221204;20221208;5;9;3;7;1;4;C111
20210101;20210120;20210120;1;7;19;19;0;0;C112
20210201;20210211;20210211;5;4;10;10;0;0;C113
20210301;20210309;20210310;1;6;8;9;1;1;C114
20210401;20210404;20210404;3;5;3;3;0;0;C115
20210501;20210511;20210513;4;2;10;12;1;2;C116
20210601;20210606;20210606;5;7;5;5;0;0;C117
20210701;20210713;20210715;4;10;12;14;1;2;C118
20210801;20210820;20210821;1;6;19;20;1;1;C119
20210901;20210909;20210912;3;9;8;11;1;3;C120
20211001;20211019;20211019;4;3;18;18;0;0;C121
20211101;20211102;20211102;2;3;1;1;0;0;C122
20211201;20211216;20211218;1;5;15;17;1;2;C123
20220101;20220117;20220118;1;6;16;17;1;1;C100
20220201;20220218;20220219;1;5;17;18;1;1;C101
20220301;20220309;20220310;2;7;8;9;1;1;C102
20220401;20220421;20220425;2;4;20;24;1;4;C103
20220501;20220506;20220506;2;4;5;5;0;0;C104
20220601;20220611;20220611;3;4;10;10;0;0;C105
20220701;20220717;20220717;5;1;16;16;0;0;C106
20220801;20220806;20220808;3;3;5;7;1;2;C107
20220901;20220917;20220918;5;3;16;17;1;1;C108
20221001;20221018;20221019;4;6;17;18;1;1;C109
20221101;20221118;20221118;3;5;17;17;0;0;C110
20221201;20221221;20221222;5;10;20;21;1;1;C111
20210101;20210114;20210116;5;3;13;15;1;2;C112
20210201;20210206;20210206;4;5;5;5;0;0;C113
20210301;20210312;20210312;3;7;11;11;0;0;C114
20210401;20210416;20210416;5;5;15;15;0;0;C115
20210501;20210507;20210508;4;7;6;7;1;1;C116
20210601;20210607;20210607;2;3;6;6;0;0;C117
20210701;20210717;20210718;5;1;16;17;1;1;C118
20210801;20210821;20210821;5;9;20;20;0;0;C119
20210901;20210909;20210910;3;4;8;9;1;1;C120
20211001;20211013;20211014;3;10;12;13;1;1;C121
20211101;20211106;20211106;2;2;5;5;0;0;C122
20211201;20211210;20211211;4;5;9;10;1;1;C123
20220101;20220111;20220111;1;3;10;10;0;0;C100
20220201;20220213;20220214;1;8;12;13;1;1;C101
20220301;20220305;20220310;4;3;4;9;1;5;C102
20220401;20220407;20220408;1;4;6;7;1;1;C103
20220501;20220505;20220505;3;3;4;4;0;0;C104
20220601;20220604;20220606;3;6;3;5;1;2;C105
20220701;20220707;20220707;2;7;6;6;0;0;C106
20220801;20220812;20220812;4;7;11;11;0;0;C107
20220901;20220909;20220909;3;5;8;8;0;0;C108
20221001;20221020;20221023;1;3;19;22;1;3;C109
20221101;20221112;20221112;5;1;11;11;0;0;C110
20221201;20221205;20221207;5;9;4;6;1;2;C111
20210101;20210105;20210106;3;1;4;5;1;1;C112
20210201;20210202;20210206;4;5;1;5;1;4;C113
20210301;20210319;20210320;3;10;18;19;1;1;C114
20210401;20210402;20210402;3;4;1;1;0;0;C115
20210501;20210503;20210503;3;7;2;2;0;0;C116
20210601;20210609;20210612;2;10;8;11;1;3;C117
20210701;20210720;20210720;2;9;19;19;0;0;C118
20210801;20210812;20210814;1;2;11;13;1;2;C119
20210901;20210903;20210904;2;5;2;3;1;1;C120
20211001;20211015;20211018;2;9;14;17;1;3;C121
20211101;20211116;20211117;4;10;15;16;1;1;C122
20211201;20211206;20211206;1;9;5;5;0;0;C123
20220101;20220104;20220104;2;1;3;3;0;0;C100
20220201;20220219;20220219;5;2;18;18;0;0;C101
20220301;20220307;20220307;4;8;6;6;0;0;C102
20220401;20220414;20220414;4;2;13;13;0;0;C103
20220501;20220520;20220520;4;4;19;19;0;0;C104
20220601;20220608;20220610;5;8;7;9;1;2;C105
20220701;20220715;20220715;5;9;14;14;0;0;C106
20220801;20220808;20220808;2;10;7;7;0;0;C107
20220901;20220921;20220925;2;2;20;24;1;4;C108
20221001;20221002;20221005;2;10;1;4;1;3;C109
20221101;20221111;20221113;4;6;10;12;1;2;C110
20221201;20221205;20221206;5;10;4;5;1;1;C111
20210101;20210112;20210113;3;7;11;12;1;1;C112
20210201;20210205;20210205;5;8;4;4;0;0;C113
20210301;20210313;20210316;2;1;12;15;1;3;C114
20210401;20210402;20210402;3;2;1;1;0;0;C115
20210501;20210506;20210506;4;4;5;5;0;0;C116
20210601;20210617;20210617;1;10;16;16;0;0;C117
20210701;20210715;20210720;5;5;14;19;1;5;C118
20210801;20210817;20210820;4;6;16;19;1;3;C119
20210901;20210912;20210912;4;10;11;11;0;0;C120
20211001;20211015;20211016;2;2;14;15;1;1;C121
20211101;20211111;20211111;5;10;10;10;0;0;C122
20211201;20211217;20211220;4;2;16;19;1;3;C123
20220101;20220118;20220118;2;9;17;17;0;0;C100
20220201;20220216;20220216;3;5;15;15;0;0;C101
20220301;20220311;20220311;5;10;10;10;0;0;C102
20220401;20220409;20220416;2;2;8;15;1;7;C103
20220501;20220510;20220514;4;9;9;13;1;4;C104
20220601;20220604;20220604;4;9;3;3;0;0;C105
20220701;20220715;20220715;1;4;14;14;0;0;C106
20220801;20220804;20220804;2;1;3;3;0;0;C107
20220901;20220917;20220919;4;2;16;18;1;2;C108
20221001;20221011;20221012;5;4;10;11;1;1;C109
20221101;20221112;20221113;5;4;11;12;1;1;C110
20221201;20221214;20221214;4;3;13;13;0;0;C111
20210101;20210112;20210113;2;10;11;12;1;1;C112
20210201;20210216;20210216;2;5;15;15;0;0;C113
20210301;20210310;20210311;2;7;9;10;1;1;C114
20210401;20210409;20210410;4;1;8;9;1;1;C115
20210501;20210512;20210513;1;7;11;12;1;1;C116
20210601;20210612;20210612;1;7;11;11;0;0;C117
20210701;20210720;20210720;2;1;19;19;0;0;C118
20210801;20210805;20210805;2;4;4;4;0;0;C119
20210901;20210909;20210909;4;3;8;8;0;0;C120
20211001;20211014;20211014;3;8;13;13;0;0;C121
20211101;20211113;20211113;2;1;12;12;0;0;C122
20211201;20211211;20211213;4;7;10;12;1;2;C123
20220101;20220118;20220119;5;6;17;18;1;1;C100
20220201;20220217;20220217;2;10;16;16;0;0;C101
20220301;20220303;20220305;5;1;2;4;1;2;C102
20220401;20220405;20220405;1;10;4;4;0;0;C103
20220501;20220507;20220509;2;6;6;8;1;2;C104
20220601;20220614;20220616;1;4;13;15;1;2;C105
20220701;20220719;20220719;1;3;18;18;0;0;C106
20220801;20220820;20220820;3;6;19;19;0;0;C107
20220901;20220902;20220903;2;3;1;2;1;1;C108
20221001;20221008;20221008;3;4;7;7;0;0;C109
20221101;20221108;20221114;1;7;7;13;1;6;C110
20221201;20221214;20221214;2;4;13;13;0;0;C111
20210101;20210106;20210106;5;4;5;5;0;0;C112
20210201;20210210;20210211;2;10;9;10;1;1;C113
20210301;20210307;20210309;3;3;6;8;1;2;C114
20210401;20210407;20210408;3;5;6;7;1;1;C115
20210501;20210508;20210508;4;7;7;7;0;0;C116
20210601;20210615;20210615;2;1;14;14;0;0;C117
20210701;20210715;20210715;4;3;14;14;0;0;C118
20210801;20210802;20210803;1;3;1;2;1;1;C119
20210901;20210914;20210915;5;4;13;14;1;1;C120
20211001;20211016;20211016;2;1;15;15;0;0;C121
20211101;20211102;20211103;2;4;1;2;1;1;C122
20211201;20211215;20211215;5;3;14;14;0;0;C123
20220101;20220121;20220125;1;2;20;24;1;4;C100
20220201;20220205;20220205;4;9;4;4;0;0;C101
20220301;20220315;20220316;3;5;14;15;1;1;C102
20220401;20220409;20220409;4;7;8;8;0;0;C103
20220501;20220521;20220521;3;8;20;20;0;0;C104
20220601;20220619;20220620;1;3;18;19;1;1;C105
20220701;20220708;20220708;4;5;7;7;0;0;C106
20220801;20220811;20220811;3;1;10;10;0;0;C107
20220901;20220910;20220910;2;4;9;9;0;0;C108
20221001;20221014;20221015;5;5;13;14;1;1;C109
20221101;20221110;20221111;2;4;9;10;1;1;C110
20221201;20221219;20221219;4;2;18;18;0;0;C111
20210101;20210106;20210106;1;1;5;5;0;0;C112
20210201;20210220;20210221;3;5;19;20;1;1;C113
20210301;20210317;20210317;2;2;16;16;0;0;C114
20210401;20210411;20210412;4;2;10;11;1;1;C115
20210501;20210503;20210504;5;3;2;3;1;1;C116
20210601;20210602;20210604;2;6;1;3;1;2;C117
20210701;20210718;20210718;1;5;17;17;0;0;C118
20210801;20210805;20210807;5;1;4;6;1;2;C119
20210901;20210909;20210909;1;7;8;8;0;0;C120
20211001;20211010;20211010;3;10;9;9;0;0;C121
20211101;20211110;20211111;2;7;9;10;1;1;C122
20211201;20211208;20211208;2;7;7;7;0;0;C123
20220101;20220111;20220111;3;4;10;10;0;0;C100
20220201;20220209;20220209;1;3;8;8;0;0;C101
20220301;20220309;20220311;1;6;8;10;1;2;C102
20220401;20220421;20220421;3;1;20;20;0;0;C103
20220501;20220506;20220506;3;7;5;5;0;0;C104
20220601;20220608;20220608;5;9;7;7;0;0;C105
20220701;20220705;20220707;2;7;4;6;1;2;C106
20220801;20220820;20220825;5;2;19;24;1;5;C107
20220901;20220917;20220917;2;6;16;16;0;0;C108
20221001;20221010;20221010;4;10;9;9;0;0;C109
20221101;20221104;20221104;5;6;3;3;0;0;C110
20221201;20221213;20221213;3;2;12;12;0;0;C111
20210101;20210121;20210121;2;3;20;20;0;0;C112
20210201;20210207;20210207;1;1;6;6;0;0;C113
20210301;20210306;20210306;5;1;5;5;0;0;C114
20210401;20210421;20210423;1;6;20;22;1;2;C115
20210501;20210517;20210518;5;3;16;17;1;1;C116
20210601;20210612;20210613;5;5;11;12;1;1;C117
20210701;20210720;20210720;2;1;19;19;0;0;C118
20210801;20210802;20210802;3;8;1;1;0;0;C119
20210901;20210909;20210909;1;2;8;8;0;0;C120
20211001;20211018;20211019;3;6;17;18;1;1;C121
20211101;20211119;20211121;1;10;18;20;1;2;C122
20211201;20211212;20211212;1;6;11;11;0;0;C123
20220101;20220114;20220114;4;4;13;13;0;0;C100
20220201;20220218;20220218;3;9;17;17;0;0;C101
20220301;20220315;20220315;1;5;14;14;0;0;C102
20220401;20220406;20220408;1;2;5;7;1;2;C103
20220501;20220514;20220514;2;2;13;13;0;0;C104
20220601;20220609;20220609;4;3;8;8;0;0;C105
20220701;20220717;20220717;4;1;16;16;0;0;C106
20220801;20220809;20220811;1;8;8;10;1;2;C107
20220901;20220912;20220913;5;9;11;12;1;1;C108
20221001;20221002;20221004;1;7;1;3;1;2;C109
20221101;20221113;20221113;2;10;12;12;0;0;C110
20221201;20221217;20221217;4;4;16;16;0;0;C111
20210101;20210106;20210108;4;8;5;7;1;2;C112
20210201;20210209;20210210;4;2;8;9;1;1;C113
20210301;20210307;20210309;2;5;6;8;1;2;C114
20210401;20210417;20210425;4;1;16;24;1;8;C115
20210501;20210517;20210519;5;6;16;18;1;2;C116
20210601;20210606;20210608;3;4;5;7;1;2;C117
20210701;20210706;20210706;5;9;5;5;0;0;C118
20210801;20210817;20210817;4;2;16;16;0;0;C119
20210901;20210904;20210905;4;2;3;4;1;1;C120
20211001;20211019;20211019;2;6;18;18;0;0;C121
20211101;20211108;20211108;1;5;7;7;0;0;C122
20211201;20211217;20211217;3;6;16;16;0;0;C123
20220101;20220106;20220109;4;7;5;8;1;3;C100
20220201;20220212;20220214;2;4;11;13;1;2;C101
20220301;20220305;20220306;5;8;4;5;1;1;C102
20220401;20220409;20220410;5;5;8;9;1;1;C103
20220501;20220506;20220509;4;5;5;8;1;3;C104
20220601;20220608;20220608;3;4;7;7;0;0;C105
20220701;20220703;20220703;4;8;2;2;0;0;C106
20220801;20220809;20220809;4;9;8;8;0;0;C107
20220901;20220903;20220903;2;6;2;2;0;0;C108
20221001;20221005;20221008;5;9;4;7;1;3;C109
20221101;20221116;20221116;4;6;15;15;0;0;C110
20221201;20221220;20221220;5;2;19;19;0;0;C111
20210101;20210112;20210114;4;2;11;13;1;2;C112
20210201;20210211;20210211;3;2;10;10;0;0;C113
20210301;20210320;20210320;3;6;19;19;0;0;C114
20210401;20210402;20210402;2;4;1;1;0;0;C115
20210501;20210518;20210521;5;10;17;20;1;3;C116
20210601;20210611;20210612;2;4;10;11;1;1;C117
20210701;20210714;20210715;1;1;13;14;1;1;C118
20210801;20210820;20210821;2;8;19;20;1;1;C119
20210901;20210916;20210916;5;8;15;15;0;0;C120
20211001;20211016;20211016;1;8;15;15;0;0;C121
20211101;20211121;20211123;3;2;20;22;1;2;C122
20211201;20211209;20211209;3;1;8;8;0;0;C123
20220101;20220110;20220112;5;3;9;11;1;2;C100
20220201;20220210;20220212;3;2;9;11;1;2;C101
20220301;20220311;20220312;2;9;10;11;1;1;C102
20220401;20220406;20220406;3;2;5;5;0;0;C103
20220501;20220516;20220517;1;1;15;16;1;1;C104
20220601;20220607;20220607;2;3;6;6;0;0;C105
20220701;20220717;20220717;5;4;16;16;0;0;C106
20220801;20220815;20220816;3;6;14;15;1;1;C107
20220901;20220909;20220909;3;1;8;8;0;0;C108
20221001;20221014;20221014;2;10;13;13;0;0;C109
20221101;20221118;20221119;3;3;17;18;1;1;C110
20221201;20221213;20221217;1;9;12;16;1;4;C111
20210101;20210107;20210109;4;9;6;8;1;2;C112
20210201;20210203;20210205;5;10;2;4;1;2;C113
20210301;20210311;20210312;1;8;10;11;1;1;C114
20210401;20210413;20210414;4;9;12;13;1;1;C115
20210501;20210503;20210503;4;10;2;2;0;0;C116
20210601;20210612;20210615;3;1;11;14;1;3;C117
20210701;20210718;20210718;4;4;17;17;0;0;C118
20210801;20210816;20210818;1;8;15;17;1;2;C119
20210901;20210904;20210904;2;1;3;3;0;0;C120
20211001;20211013;20211014;4;7;12;13;1;1;C121
20211101;20211121;20211124;4;8;20;23;1;3;C122
20211201;20211219;20211219;2;10;18;18;0;0;C123
20220101;20220113;20220113;1;6;12;12;0;0;C100
20220201;20220211;20220212;3;5;10;11;1;1;C101
20220301;20220318;20220320;1;4;17;19;1;2;C102
20220401;20220419;20220419;1;5;18;18;0;0;C103
20220501;20220519;20220519;2;3;18;18;0;0;C104
20220601;20220612;20220614;5;6;11;13;1;2;C105
20220701;20220717;20220717;5;5;16;16;0;0;C106
20220801;20220802;20220803;5;8;1;2;1;1;C107
20220901;20220916;20220919;2;9;15;18;1;3;C108
20221001;20221019;20221020;2;3;18;19;1;1;C109
20221101;20221105;20221105;5;9;4;4;0;0;C110
20221201;20221208;20221208;1;3;7;7;0;0;C111
20210101;20210117;20210118;1;2;16;17;1;1;C112
20210201;20210212;20210216;1;1;11;15;1;4;C113
20210301;20210312;20210312;4;10;11;11;0;0;C114
20210401;20210412;20210412;5;10;11;11;0;0;C115
20210501;20210502;20210505;1;9;1;4;1;3;C116
20210601;20210611;20210611;1;7;10;10;0;0;C117
20210701;20210707;20210712;3;4;6;11;1;5;C118
20210801;20210806;20210807;4;5;5;6;1;1;C119
20210901;20210919;20210919;3;10;18;18;0;0;C120
20211001;20211015;20211020;4;9;14;19;1;5;C121
20211101;20211110;20211111;2;10;9;10;1;1;C122
20211201;20211210;20211211;2;3;9;10;1;1;C123
20220101;20220110;20220110;2;6;9;9;0;0;C100
20220201;20220211;20220214;3;7;10;13;1;3;C101
20220301;20220309;20220312;2;7;8;11;1;3;C102
20220401;20220419;20220419;2;10;18;18;0;0;C103
20220501;20220516;20220519;1;10;15;18;1;3;C104
20220601;20220613;20220613;5;5;12;12;0;0;C105
20220701;20220721;20220721;5;1;20;20;0;0;C106
20220801;20220809;20220809;1;2;8;8;0;0;C107
20220901;20220903;20220904;4;6;2;3;1;1;C108
20221001;20221010;20221010;3;8;9;9;0;0;C109
20221101;20221104;20221104;5;5;3;3;0;0;C110
20221201;20221216;20221216;5;1;15;15;0;0;C111
20210101;20210118;20210120;1;4;17;19;1;2;C112
20210201;20210208;20210208;4;6;7;7;0;0;C113
20210301;20210311;20210311;4;1;10;10;0;0;C114
20210401;20210403;20210403;1;1;2;2;0;0;C115
20210501;20210521;20210522;5;9;20;21;1;1;C116
20210601;20210603;20210604;3;1;2;3;1;1;C117
20210701;20210704;20210704;4;4;3;3;0;0;C118
20210801;20210802;20210802;2;4;1;1;0;0;C119
20210901;20210907;20210907;5;7;6;6;0;0;C120
20211001;20211007;20211007;5;5;6;6;0;0;C121
20211101;20211113;20211113;5;6;12;12;0;0;C122
20211201;20211204;20211205;3;8;3;4;1;1;C123
20220101;20220116;20220117;4;5;15;16;1;1;C100
20220201;20220204;20220205;4;4;3;4;1;1;C101
20220301;20220321;20220321;2;6;20;20;0;0;C102
20220401;20220415;20220415;5;4;14;14;0;0;C103
20220501;20220519;20220519;5;9;18;18;0;0;C104
20220601;20220618;20220618;4;2;17;17;0;0;C105
20220701;20220718;20220718;4;4;17;17;0;0;C106
20220801;20220813;20220814;5;8;12;13;1;1;C107
20220901;20220906;20220909;1;7;5;8;1;3;C108
20221001;20221015;20221015;2;2;14;14;0;0;C109
20221101;20221121;20221121;4;10;20;20;0;0;C110
20221201;20221209;20221209;1;10;8;8;0;0;C111
20210101;20210114;20210114;5;5;13;13;0;0;C112
20210201;20210207;20210207;5;9;6;6;0;0;C113
20210301;20210317;20210318;2;10;16;17;1;1;C114
20210401;20210419;20210420;2;8;18;19;1;1;C115
20210501;20210507;20210507;3;8;6;6;0;0;C116
20210601;20210618;20210618;5;5;17;17;0;0;C117
20210701;20210709;20210709;3;1;8;8;0;0;C118
20210801;20210813;20210814;1;3;12;13;1;1;C119
20210901;20210905;20210906;4;7;4;5;1;1;C120
20211001;20211020;20211021;2;2;19;20;1;1;C121
20211101;20211105;20211110;4;10;4;9;1;5;C122
20211201;20211211;20211213;1;6;10;12;1;2;C123
20220101;20220104;20220106;4;3;3;5;1;2;C100
20220201;20220219;20220219;4;1;18;18;0;0;C101
20220301;20220313;20220313;1;2;12;12;0;0;C102
20220401;20220419;20220422;3;2;18;21;1;3;C103
20220501;20220503;20220503;5;8;2;2;0;0;C104
20220601;20220613;20220619;4;6;12;18;1;6;C105
20220701;20220706;20220708;1;5;5;7;1;2;C106
20220801;20220818;20220819;3;4;17;18;1;1;C107
20220901;20220906;20220908;1;9;5;7;1;2;C108
20221001;20221010;20221011;3;8;9;10;1;1;C109
20221101;20221116;20221117;3;4;15;16;1;1;C110
20221201;20221205;20221207;2;4;4;6;1;2;C111
20210101;20210104;20210104;1;7;3;3;0;0;C112
20210201;20210207;20210211;5;5;6;10;1;4;C113
20210301;20210316;20210317;2;1;15;16;1;1;C114
20210401;20210406;20210409;4;6;5;8;1;3;C115
20210501;20210506;20210506;3;8;5;5;0;0;C116
20210601;20210619;20210619;1;7;18;18;0;0;C117
20210701;20210709;20210709;5;7;8;8;0;0;C118
20210801;20210816;20210821;4;3;15;20;1;5;C119
20210901;20210914;20210914;1;8;13;13;0;0;C120
20211001;20211021;20211021;3;5;20;20;0;0;C121
20211101;20211109;20211112;4;9;8;11;1;3;C122
20211201;20211209;20211209;3;9;8;8;0;0;C123
20220101;20220106;20220106;5;1;5;5;0;0;C100
20220201;20220206;20220206;2;4;5;5;0;0;C101
20220301;20220304;20220304;3;5;3;3;0;0;C102
20220401;20220417;20220417;3;8;16;16;0;0;C103
20220501;20220503;20220503;1;3;2;2;0;0;C104
20220601;20220617;20220617;3;2;16;16;0;0;C105
20220701;20220703;20220704;2;5;2;3;1;1;C106
20220801;20220808;20220808;4;8;7;7;0;0;C107
20220901;20220910;20220910;2;10;9;9;0;0;C108
20221001;20221017;20221020;4;10;16;19;1;3;C109
20221101;20221118;20221122;3;1;17;21;1;4;C110
20221201;20221215;20221215;2;7;14;14;0;0;C111
20210101;20210109;20210109;1;6;8;8;0;0;C112
20210201;20210209;20210209;5;7;8;8;0;0;C113
20210301;20210310;20210310;1;2;9;9;0;0;C114
20210401;20210416;20210417;5;7;15;16;1;1;C115
20210501;20210520;20210524;2;3;19;23;1;4;C116
20210601;20210614;20210616;5;7;13;15;1;2;C117
20210701;20210703;20210703;2;3;2;2;0;0;C118
20210801;20210808;20210809;3;2;7;8;1;1;C119
20210901;20210912;20210912;1;10;11;11;0;0;C120
20211001;20211018;20211019;1;10;17;18;1;1;C121
20211101;20211114;20211114;3;1;13;13;0;0;C122
20211201;20211218;20211219;2;3;17;18;1;1;C123
20220101;20220102;20220102;2;3;1;1;0;0;C100
20220201;20220216;20220216;5;1;15;15;0;0;C101
20220301;20220321;20220321;4;3;20;20;0;0;C102
20220401;20220410;20220410;4;4;9;9;0;0;C103
20220501;20220505;20220505;4;4;4;4;0;0;C104
20220601;20220603;20220604;1;10;2;3;1;1;C105
20220701;20220706;20220706;2;8;5;5;0;0;C106
20220801;20220812;20220812;3;1;11;11;0;0;C107
20220901;20220902;20220902;3;5;1;1;0;0;C108
20221001;20221015;20221020;2;2;14;19;1;5;C109
20221101;20221109;20221111;2;3;8;10;1;2;C110
20221201;20221206;20221206;3;2;5;5;0;0;C111
20210101;20210109;20210111;4;5;8;10;1;2;C112
20210201;20210216;20210216;3;8;15;15;0;0;C113
20210301;20210305;20210305;2;7;4;4;0;0;C114
20210401;20210418;20210418;3;3;17;17;0;0;C115
20210501;20210503;20210503;5;6;2;2;0;0;C116
20210601;20210607;20210607;4;3;6;6;0;0;C117
20210701;20210710;20210712;1;3;9;11;1;2;C118
20210801;20210812;20210816;4;3;11;15;1;4;C119
20210901;20210915;20210920;5;1;14;19;1;5;C120
20211001;20211009;20211009;1;10;8;8;0;0;C121
20211101;20211114;20211114;5;7;13;13;0;0;C122
20211201;20211203;20211205;1;6;2;4;1;2;C123
20220101;20220104;20220106;4;5;3;5;1;2;C100
20220201;20220211;20220212;3;10;10;11;1;1;C101
20220301;20220318;20220319;4;7;17;18;1;1;C102
20220401;20220402;20220403;5;3;1;2;1;1;C103
20220501;20220515;20220517;1;6;14;16;1;2;C104
20220601;20220604;20220604;5;10;3;3;0;0;C105
20220701;20220709;20220709;4;8;8;8;0;0;C106
20220801;20220819;20220819;1;3;18;18;0;0;C107
20220901;20220907;20220909;5;2;6;8;1;2;C108
20221001;20221014;20221016;2;4;13;15;1;2;C109
20221101;20221109;20221109;4;10;8;8;0;0;C110
20221201;20221207;20221211;5;9;6;10;1;4;C111
20210101;20210114;20210114;1;4;13;13;0;0;C112
20210201;20210203;20210204;4;9;2;3;1;1;C113
20210301;20210307;20210312;4;2;6;11;1;5;C114
20210401;20210412;20210412;2;1;11;11;0;0;C115
20210501;20210520;20210524;1;4;19;23;1;4;C116
20210601;20210610;20210611;3;1;9;10;1;1;C117
20210701;20210711;20210711;1;3;10;10;0;0;C118
20210801;20210813;20210813;4;5;12;12;0;0;C119
20210901;20210907;20210907;4;7;6;6;0;0;C120
20211001;20211018;20211019;4;2;17;18;1;1;C121
20211101;20211121;20211122;3;7;20;21;1;1;C122
20211201;20211206;20211206;1;10;5;5;0;0;C123
20220101;20220115;20220116;2;1;14;15;1;1;C100
20220201;20220207;20220207;4;6;6;6;0;0;C101
20220301;20220309;20220312;4;10;8;11;1;3;C102
20220401;20220416;20220420;5;1;15;19;1;4;C103
20220501;20220519;20220519;3;3;18;18;0;0;C104
20220601;20220619;20220620;3;8;18;19;1;1;C105
20220701;20220706;20220706;5;6;5;5;0;0;C106
20220801;20220804;20220804;2;9;3;3;0;0;C107
20220901;20220916;20220917;4;10;15;16;1;1;C108
20221001;20221005;20221007;5;4;4;6;1;2;C109
20221101;20221110;20221113;3;3;9;12;1;3;C110
20221201;20221209;20221210;5;1;8;9;1;1;C111
20210101;20210114;20210114;1;7;13;13;0;0;C112
20210201;20210208;20210209;2;7;7;8;1;1;C113
20210301;20210317;20210318;3;5;16;17;1;1;C114
20210401;20210410;20210410;4;7;9;9;0;0;C115
20210501;20210512;20210513;3;8;11;12;1;1;C116
20210601;20210608;20210608;5;6;7;7;0;0;C117
20210701;20210702;20210702;5;2;1;1;0;0;C118
20210801;20210806;20210806;1;6;5;5;0;0;C119
20210901;20210908;20210910;1;3;7;9;1;2;C120
20211001;20211007;20211007;5;4;6;6;0;0;C121
20211101;20211121;20211121;4;7;20;20;0;0;C122
20211201;20211215;20211217;4;2;14;16;1;2;C123
20220101;20220103;20220107;1;5;2;6;1;4;C100
20220201;20220221;20220221;2;7;20;20;0;0;C101
20220301;20220307;20220307;4;9;6;6;0;0;C102
20220401;20220414;20220414;2;9;13;13;0;0;C103
20220501;20220506;20220506;4;10;5;5;0;0;C104
20220601;20220618;20220618;3;1;17;17;0;0;C105
20220701;20220704;20220704;3;1;3;3;0;0;C106
20220801;20220817;20220818;3;10;16;17;1;1;C107
20220901;20220920;20220922;2;3;19;21;1;2;C108
20221001;20221017;20221018;3;9;16;17;1;1;C109
20221101;20221117;20221117;5;4;16;16;0;0;C110
20221201;20221205;20221206;5;8;4;5;1;1;C111
20210101;20210121;20210121;2;7;20;20;0;0;C112
20210201;20210215;20210215;2;9;14;14;0;0;C113
20210301;20210302;20210303;4;10;1;2;1;1;C114
20210401;20210403;20210403;2;9;2;2;0;0;C115
20210501;20210506;20210506;3;7;5;5;0;0;C116
20210601;20210620;20210622;1;9;19;21;1;2;C117
20210701;20210710;20210710;1;2;9;9;0;0;C118
20210801;20210813;20210813;1;6;12;12;0;0;C119
20210901;20210917;20210919;1;5;16;18;1;2;C120
20211001;20211014;20211015;3;1;13;14;1;1;C121
20211101;20211117;20211118;2;10;16;17;1;1;C122
20211201;20211206;20211207;3;10;5;6;1;1;C123
20220101;20220114;20220116;3;7;13;15;1;2;C100
20220201;20220207;20220207;3;1;6;6;0;0;C101
20220301;20220307;20220308;2;5;6;7;1;1;C102
20220401;20220421;20220421;4;3;20;20;0;0;C103
20220501;20220509;20220511;3;2;8;10;1;2;C104
20220601;20220621;20220621;4;8;20;20;0;0;C105
20220701;20220713;20220716;2;4;12;15;1;3;C106
20220801;20220814;20220814;4;2;13;13;0;0;C107
20220901;20220916;20220916;3;4;15;15;0;0;C108
20221001;20221007;20221008;2;3;6;7;1;1;C109
20221101;20221105;20221107;1;4;4;6;1;2;C110
20221201;20221220;20221220;2;8;19;19;0;0;C111
20210101;20210110;20210111;3;1;9;10;1;1;C112
20210201;20210217;20210217;1;9;16;16;0;0;C113
20210301;20210314;20210315;5;1;13;14;1;1;C114
20210401;20210403;20210404;2;8;2;3;1;1;C115
20210501;20210514;20210514;3;1;13;13;0;0;C116
20210601;20210611;20210611;1;4;10;10;0;0;C117
20210701;20210721;20210723;2;1;20;22;1;2;C118
20210801;20210811;20210811;2;9;10;10;0;0;C119
20210901;20210906;20210907;4;9;5;6;1;1;C120
20211001;20211004;20211004;4;10;3;3;0;0;C121
20211101;20211108;20211109;3;6;7;8;1;1;C122
20211201;20211209;20211209;1;4;8;8;0;0;C123
20220101;20220117;20220122;5;1;16;21;1;5;C100
20220201;20220203;20220205;5;7;2;4;1;2;C101
20220301;20220320;20220324;1;7;19;23;1;4;C102
20220401;20220403;20220408;2;5;2;7;1;5;C103
20220501;20220514;20220514;1;9;13;13;0;0;C104
20220601;20220620;20220621;3;5;19;20;1;1;C105
20220701;20220720;20220721;5;7;19;20;1;1;C106
20220801;20220812;20220813;3;1;11;12;1;1;C107
20220901;20220917;20220917;5;2;16;16;0;0;C108
20221001;20221004;20221004;2;3;3;3;0;0;C109
20221101;20221120;20221120;2;2;19;19;0;0;C110
20221201;20221208;20221209;3;8;7;8;1;1;C111
20210101;20210107;20210107;2;10;6;6;0;0;C112
20210201;20210209;20210209;1;2;8;8;0;0;C113
20210301;20210314;20210314;1;3;13;13;0;0;C114
20210401;20210406;20210407;5;2;5;6;1;1;C115
20210501;20210502;20210502;5;5;1;1;0;0;C116
20210601;20210618;20210619;4;9;17;18;1;1;C117
20210701;20210702;20210702;3;7;1;1;0;0;C118
20210801;20210807;20210807;5;3;6;6;0;0;C119
20210901;20210906;20210908;3;10;5;7;1;2;C120
20211001;20211004;20211004;5;4;3;3;0;0;C121
20211101;20211115;20211115;4;2;14;14;0;0;C122
20211201;20211215;20211217;2;5;14;16;1;2;C123
20220101;20220104;20220104;2;5;3;3;0;0;C100
20220201;20220217;20220217;3;2;16;16;0;0;C101
20220301;20220321;20220321;3;8;20;20;0;0;C102
20220401;20220411;20220412;3;6;10;11;1;1;C103
20220501;20220518;20220518;5;7;17;17;0;0;C104
20220601;20220605;20220608;2;8;4;7;1;3;C105
20220701;20220720;20220721;5;7;19;20;1;1;C106
20220801;20220814;20220814;2;5;13;13;0;0;C107
20220901;20220905;20220906;3;2;4;5;1;1;C108
20221001;20221018;20221020;5;2;17;19;1;2;C109
20221101;20221102;20221106;5;4;1;5;1;4;C110
20221201;20221220;20221220;3;9;19;19;0;0;C111
20210101;20210108;20210108;2;9;7;7;0;0;C112
20210201;20210217;20210217;3;10;16;16;0;0;C113
20210301;20210310;20210313;2;9;9;12;1;3;C114
20210401;20210402;20210405;2;5;1;4;1;3;C115
20210501;20210514;20210518;2;9;13;17;1;4;C116
20210601;20210619;20210620;5;10;18;19;1;1;C117
20210701;20210703;20210705;2;4;2;4;1;2;C118
20210801;20210819;20210819;4;8;18;18;0;0;C119
20210901;20210914;20210916;5;2;13;15;1;2;C120
20211001;20211020;20211020;2;9;19;19;0;0;C121
20211101;20211121;20211125;3;2;20;24;1;4;C122
20211201;20211210;20211213;2;2;9;12;1;3;C123
20220101;20220120;20220121;2;6;19;20;1;1;C100
20220201;20220203;20220207;1;7;2;6;1;4;C101
20220301;20220321;20220323;1;9;20;22;1;2;C102
20220401;20220415;20220417;2;3;14;16;1;2;C103
20220501;20220514;20220514;5;6;13;13;0;0;C104
20220601;20220607;20220611;3;4;6;10;1;4;C105
20220701;20220709;20220709;1;3;8;8;0;0;C106
20220801;20220816;20220816;3;5;15;15;0;0;C107
20220901;20220909;20220911;5;2;8;10;1;2;C108
20221001;20221016;20221017;4;5;15;16;1;1;C109
20221101;20221114;20221115;1;9;13;14;1;1;C110
20221201;20221213;20221213;5;9;12;12;0;0;C111
20210101;20210118;20210118;1;8;17;17;0;0;C112
20210201;20210208;20210209;2;10;7;8;1;1;C113
20210301;20210321;20210321;2;3;20;20;0;0;C114
20210401;20210405;20210405;2;6;4;4;0;0;C115
20210501;20210514;20210514;3;8;13;13;0;0;C116
20210601;20210614;20210621;3;8;13;20;1;7;C117
20210701;20210703;20210703;2;1;2;2;0;0;C118
20210801;20210816;20210816;5;5;15;15;0;0;C119
20210901;20210911;20210916;5;8;10;15;1;5;C120
20211001;20211002;20211002;3;2;1;1;0;0;C121
20211101;20211105;20211105;5;8;4;4;0;0;C122
20211201;20211221;20211221;3;2;20;20;0;0;C123
20220101;20220103;20220107;3;9;2;6;1;4;C100
20220201;20220207;20220208;1;4;6;7;1;1;C101
20220301;20220308;20220311;5;8;7;10;1;3;C102
20220401;20220410;20220410;5;7;9;9;0;0;C103
20220501;20220506;20220506;3;4;5;5;0;0;C104
20220601;20220616;20220621;4;8;15;20;1;5;C105
20220701;20220709;20220709;5;3;8;8;0;0;C106
20220801;20220809;20220809;3;4;8;8;0;0;C107
20220901;20220903;20220903;4;10;2;2;0;0;C108
20221001;20221008;20221009;5;5;7;8;1;1;C109
20221101;20221102;20221102;4;3;1;1;0;0;C110
20221201;20221212;20221212;1;7;11;11;0;0;C111
20210101;20210104;20210104;4;3;3;3;0;0;C112
20210201;20210207;20210207;5;9;6;6;0;0;C113
20210301;20210302;20210303;2;8;1;2;1;1;C114
20210401;20210411;20210414;1;10;10;13;1;3;C115
20210501;20210504;20210505;1;2;3;4;1;1;C116
20210601;20210605;20210605;5;6;4;4;0;0;C117
20210701;20210719;20210722;5;4;18;21;1;3;C118
20210801;20210818;20210818;5;10;17;17;0;0;C119
20210901;20210915;20210915;1;9;14;14;0;0;C120
20211001;20211016;20211016;3;4;15;15;0;0;C121
20211101;20211103;20211103;2;5;2;2;0;0;C122
20211201;20211213;20211215;3;7;12;14;1;2;C123
20220101;20220111;20220111;2;7;10;10;0;0;C100
20220201;20220214;20220214;5;5;13;13;0;0;C101
20220301;20220314;20220315;1;9;13;14;1;1;C102
20220401;20220409;20220409;3;9;8;8;0;0;C103
20220501;20220519;20220519;1;7;18;18;0;0;C104
20220601;20220610;20220610;2;4;9;9;0;0;C105
20220701;20220703;20220704;3;3;2;3;1;1;C106
20220801;20220819;20220819;5;6;18;18;0;0;C107
20220901;20220910;20220910;2;5;9;9;0;0;C108
20221001;20221010;20221010;4;9;9;9;0;0;C109
20221101;20221107;20221111;3;10;6;10;1;4;C110
20221201;20221209;20221210;5;5;8;9;1;1;C111
20210101;20210104;20210104;4;10;3;3;0;0;C112
20210201;20210221;20210224;5;1;20;23;1;3;C113
20210301;20210316;20210316;4;5;15;15;0;0;C114
20210401;20210410;20210410;3;3;9;9;0;0;C115
20210501;20210515;20210516;3;10;14;15;1;1;C116
20210601;20210618;20210618;5;7;17;17;0;0;C117
20210701;20210716;20210716;5;3;15;15;0;0;C118
20210801;20210812;20210814;2;8;11;13;1;2;C119
20210901;20210911;20210911;3;10;10;10;0;0;C120
20211001;20211009;20211010;3;9;8;9;1;1;C121
20211101;20211120;20211120;3;1;19;19;0;0;C122
20211201;20211204;20211204;4;2;3;3;0;0;C123
20220101;20220118;20220120;5;6;17;19;1;2;C100
20220201;20220215;20220215;3;4;14;14;0;0;C101
20220301;20220308;20220310;3;6;7;9;1;2;C102
20220401;20220419;20220420;5;10;18;19;1;1;C103
20220501;20220502;20220502;5;9;1;1;0;0;C104
20220601;20220608;20220610;2;8;7;9;1;2;C105
20220701;20220706;20220706;5;4;5;5;0;0;C106
20220801;20220818;20220818;5;6;17;17;0;0;C107
20220901;20220908;20220910;1;5;7;9;1;2;C108
20221001;20221007;20221009;1;4;6;8;1;2;C109
20221101;20221111;20221112;2;8;10;11;1;1;C110
20221201;20221212;20221212;5;4;11;11;0;0;C111
20210101;20210117;20210118;4;10;16;17;1;1;C112
20210201;20210218;20210218;1;2;17;17;0;0;C113
20210301;20210306;20210306;1;2;5;5;0;0;C114
20210401;20210417;20210417;3;1;16;16;0;0;C115
20210501;20210502;20210502;1;10;1;1;0;0;C116
20210601;20210604;20210604;5;5;3;3;0;0;C117
20210701;20210702;20210702;4;10;1;1;0;0;C118
20210801;20210811;20210812;5;4;10;11;1;1;C119
20210901;20210918;20210919;5;6;17;18;1;1;C120
20211001;20211009;20211009;5;4;8;8;0;0;C121
20211101;20211102;20211102;2;2;1;1;0;0;C122
20211201;20211220;20211221;3;7;19;20;1;1;C123
20220101;20220117;20220118;2;10;16;17;1;1;C100
20220201;20220216;20220218;5;5;15;17;1;2;C101
20220301;20220310;20220311;3;10;9;10;1;1;C102
20220401;20220420;20220422;4;7;19;21;1;2;C103
20220501;20220503;20220503;5;7;2;2;0;0;C104
20220601;20220605;20220605;5;6;4;4;0;0;C105
20220701;20220719;20220719;2;10;18;18;0;0;C106
20220801;20220815;20220815;2;6;14;14;0;0;C107
20220901;20220907;20220907;4;1;6;6;0;0;C108
20221001;20221005;20221006;5;3;4;5;1;1;C109
20221101;20221116;20221116;3;7;15;15;0;0;C110
20221201;20221221;20221221;5;2;20;20;0;0;C111
20210101;20210105;20210105;2;8;4;4;0;0;C112
20210201;20210207;20210208;1;2;6;7;1;1;C113
20210301;20210308;20210308;3;7;7;7;0;0;C114
20210401;20210413;20210418;1;5;12;17;1;5;C115
20210501;20210518;20210519;5;3;17;18;1;1;C116
20210601;20210602;20210603;1;10;1;2;1;1;C117
20210701;20210715;20210715;1;6;14;14;0;0;C118
20210801;20210812;20210814;2;5;11;13;1;2;C119
20210901;20210915;20210915;2;9;14;14;0;0;C120
20211001;20211005;20211006;4;10;4;5;1;1;C121
20211101;20211121;20211122;5;2;20;21;1;1;C122
20211201;20211220;20211226;5;6;19;25;1;6;C123
20220101;20220106;20220108;5;7;5;7;1;2;C100
20220201;20220218;20220218;1;4;17;17;0;0;C101
20220301;20220309;20220312;3;3;8;11;1;3;C102
20220401;20220413;20220413;1;9;12;12;0;0;C103
20220501;20220502;20220502;4;2;1;1;0;0;C104
20220601;20220611;20220613;5;7;10;12;1;2;C105
20220701;20220711;20220712;1;2;10;11;1;1;C106
20220801;20220813;20220814;4;9;12;13;1;1;C107
20220901;20220912;20220917;3;5;11;16;1;5;C108
20221001;20221010;20221011;1;9;9;10;1;1;C109
20221101;20221114;20221115;3;10;13;14;1;1;C110
20221201;20221218;20221221;3;9;17;20;1;3;C111
20210101;20210102;20210106;3;1;1;5;1;4;C112
20210201;20210207;20210207;4;5;6;6;0;0;C113
20210301;20210303;20210305;5;5;2;4;1;2;C114
20210401;20210418;20210420;4;9;17;19;1;2;C115
20210501;20210518;20210519;2;8;17;18;1;1;C116
20210601;20210609;20210609;4;6;8;8;0;0;C117
20210701;20210719;20210719;2;3;18;18;0;0;C118
20210801;20210815;20210815;5;6;14;14;0;0;C119
20210901;20210905;20210906;1;1;4;5;1;1;C120
20211001;20211006;20211006;3;8;5;5;0;0;C121
20211101;20211105;20211106;5;6;4;5;1;1;C122
20211201;20211208;20211213;4;2;7;12;1;5;C123
20220101;20220103;20220103;1;10;2;2;0;0;C100
20220201;20220209;20220209;1;7;8;8;0;0;C101
20220301;20220313;20220315;3;6;12;14;1;2;C102
20220401;20220405;20220405;1;4;4;4;0;0;C103
20220501;20220507;20220507;2;3;6;6;0;0;C104
20220601;20220613;20220613;5;4;12;12;0;0;C105
20220701;20220714;20220714;3;9;13;13;0;0;C106
20220801;20220807;20220808;4;2;6;7;1;1;C107
20220901;20220904;20220904;4;8;3;3;0;0;C108
20221001;20221002;20221003;3;2;1;2;1;1;C109
20221101;20221109;20221109;5;8;8;8;0;0;C110
20221201;20221218;20221218;4;3;17;17;0;0;C111
20210101;20210108;20210109;5;5;7;8;1;1;C112
20210201;20210202;20210202;3;5;1;1;0;0;C113
20210301;20210315;20210316;4;4;14;15;1;1;C114
20210401;20210409;20210410;5;6;8;9;1;1;C115
20210501;20210511;20210511;4;1;10;10;0;0;C116
20210601;20210620;20210623;5;1;19;22;1;3;C117
20210701;20210721;20210721;2;9;20;20;0;0;C118
20210801;20210806;20210806;5;2;5;5;0;0;C119
20210901;20210913;20210913;4;2;12;12;0;0;C120
20211001;20211015;20211015;1;9;14;14;0;0;C121
20211101;20211102;20211102;4;3;1;1;0;0;C122
20211201;20211219;20211225;4;10;18;24;1;6;C123
20220101;20220104;20220105;2;6;3;4;1;1;C100
20220201;20220206;20220207;4;10;5;6;1;1;C101
20220301;20220305;20220307;1;2;4;6;1;2;C102
20220401;20220410;20220413;1;9;9;12;1;3;C103
20220501;20220502;20220506;1;10;1;5;1;4;C104
20220601;20220602;20220606;1;1;1;5;1;4;C105
20220701;20220712;20220712;4;10;11;11;0;0;C106
20220801;20220809;20220814;1;1;8;13;1;5;C107
20220901;20220916;20220917;1;7;15;16;1;1;C108
20221001;20221016;20221019;3;5;15;18;1;3;C109
20221101;20221114;20221115;4;3;13;14;1;1;C110
20221201;20221215;20221215;5;7;14;14;0;0;C111
20210101;20210121;20210126;2;9;20;25;1;5;C112
20210201;20210211;20210214;1;8;10;13;1;3;C113
20210301;20210306;20210307;4;10;5;6;1;1;C114
20210401;20210406;20210407;4;6;5;6;1;1;C115
20210501;20210502;20210508;3;10;1;7;1;6;C116
20210601;20210611;20210611;3;3;10;10;0;0;C117
20210701;20210704;20210705;5;6;3;4;1;1;C118
20210801;20210808;20210809;5;6;7;8;1;1;C119
20210901;20210918;20210920;4;1;17;19;1;2;C120
20211001;20211014;20211014;4;2;13;13;0;0;C121
20211101;20211114;20211114;2;2;13;13;0;0;C122
20211201;20211205;20211205;1;10;4;4;0;0;C123
20220101;20220119;20220120;2;8;18;19;1;1;C100
20220201;20220219;20220222;3;6;18;21;1;3;C101
20220301;20220306;20220309;5;5;5;8;1;3;C102
20220401;20220409;20220409;1;7;8;8;0;0;C103
20220501;20220520;20220522;2;1;19;21;1;2;C104
20220601;20220619;20220622;3;4;18;21;1;3;C105
20220701;20220719;20220720;5;9;18;19;1;1;C106
20220801;20220809;20220811;4;4;8;10;1;2;C107
20220901;20220909;20220909;3;1;8;8;0;0;C108
20221001;20221020;20221021;3;1;19;20;1;1;C109
20221101;20221121;20221121;2;1;20;20;0;0;C110
20221201;20221207;20221207;1;10;6;6;0;0;C111
20210101;20210116;20210116;5;4;15;15;0;0;C112
20210201;20210207;20210208;4;4;6;7;1;1;C113
20210301;20210308;20210308;2;8;7;7;0;0;C114
20210401;20210411;20210411;5;6;10;10;0;0;C115
20210501;20210502;20210503;5;6;1;2;1;1;C116
20210601;20210617;20210617;5;6;16;16;0;0;C117
20210701;20210703;20210703;2;8;2;2;0;0;C118
20210801;20210803;20210804;5;10;2;3;1;1;C119
20210901;20210904;20210904;4;8;3;3;0;0;C120
20211001;20211011;20211013;4;1;10;12;1;2;C121
20211101;20211107;20211109;1;9;6;8;1;2;C122
20211201;20211218;20211218;3;5;17;17;0;0;C123
20220101;20220119;20220119;2;3;18;18;0;0;C100
20220201;20220209;20220209;3;8;8;8;0;0;C101
20220301;20220312;20220320;1;9;11;19;1;8;C102
20220401;20220406;20220407;2;2;5;6;1;1;C103
20220501;20220520;20220520;1;7;19;19;0;0;C104
20220601;20220605;20220605;2;5;4;4;0;0;C105
20220701;20220703;20220703;2;7;2;2;0;0;C106
20220801;20220810;20220810;5;3;9;9;0;0;C107
20220901;20220917;20220917;5;5;16;16;0;0;C108
20221001;20221010;20221010;1;6;9;9;0;0;C109
20221101;20221111;20221115;2;2;10;14;1;4;C110
20221201;20221213;20221216;1;3;12;15;1;3;C111
20210101;20210121;20210121;4;4;20;20;0;0;C112
20210201;20210212;20210214;4;6;11;13;1;2;C113
20210301;20210314;20210314;1;8;13;13;0;0;C114
20210401;20210411;20210411;5;6;10;10;0;0;C115
20210501;20210514;20210514;2;4;13;13;0;0;C116
20210601;20210618;20210619;5;1;17;18;1;1;C117
20210701;20210716;20210716;4;4;15;15;0;0;C118
20210801;20210805;20210805;3;2;4;4;0;0;C119
20210901;20210904;20210909;3;8;3;8;1;5;C120
20211001;20211013;20211019;2;2;12;18;1;6;C121
20211101;20211120;20211120;3;8;19;19;0;0;C122
20211201;20211215;20211215;1;9;14;14;0;0;C123
20220101;20220102;20220102;4;8;1;1;0;0;C100
20220201;20220202;20220202;2;4;1;1;0;0;C101
20220301;20220309;20220309;2;4;8;8;0;0;C102
20220401;20220410;20220412;5;6;9;11;1;2;C103
20220501;20220518;20220518;1;8;17;17;0;0;C104
20220601;20220610;20220610;5;3;9;9;0;0;C105
20220701;20220704;20220706;3;10;3;5;1;2;C106
20220801;20220820;20220820;5;3;19;19;0;0;C107
20220901;20220919;20220919;4;6;18;18;0;0;C108
20221001;20221013;20221013;4;5;12;12;0;0;C109
20221101;20221115;20221115;3;1;14;14;0;0;C110
20221201;20221213;20221213;2;9;12;12;0;0;C111
20210101;20210107;20210107;1;10;6;6;0;0;C112
20210201;20210214;20210215;3;7;13;14;1;1;C113
20210301;20210302;20210302;4;6;1;1;0;0;C114
20210401;20210404;20210408;1;10;3;7;1;4;C115
20210501;20210515;20210515;5;6;14;14;0;0;C116
20210601;20210611;20210612;4;4;10;11;1;1;C117
20210701;20210710;20210710;5;8;9;9;0;0;C118
20210801;20210812;20210812;5;6;11;11;0;0;C119
20210901;20210909;20210909;2;3;8;8;0;0;C120
20211001;20211004;20211004;3;10;3;3;0;0;C121
20211101;20211119;20211119;3;9;18;18;0;0;C122
20211201;20211202;20211203;5;4;1;2;1;1;C123
20220101;20220119;20220124;3;9;18;23;1;5;C100
20220201;20220218;20220219;1;8;17;18;1;1;C101
20220301;20220311;20220311;5;4;10;10;0;0;C102
20220401;20220413;20220413;5;2;12;12;0;0;C103
20220501;20220503;20220505;3;10;2;4;1;2;C104
20220601;20220604;20220604;2;6;3;3;0;0;C105
20220701;20220708;20220708;3;6;7;7;0;0;C106
20220801;20220820;20220824;5;10;19;23;1;4;C107
20220901;20220920;20220920;3;10;19;19;0;0;C108
20221001;20221009;20221009;3;1;8;8;0;0;C109
20221101;20221108;20221109;5;10;7;8;1;1;C110
20221201;20221208;20221208;5;2;7;7;0;0;C111
20210101;20210104;20210104;3;4;3;3;0;0;C112
20210201;20210211;20210211;1;7;10;10;0;0;C113
20210301;20210317;20210319;4;5;16;18;1;2;C114
20210401;20210415;20210415;2;9;14;14;0;0;C115
20210501;20210519;20210523;4;8;18;22;1;4;C116
20210601;20210614;20210615;2;1;13;14;1;1;C117
20210701;20210702;20210704;1;7;1;3;1;2;C118
20210801;20210821;20210821;3;2;20;20;0;0;C119
20210901;20210908;20210908;4;3;7;7;0;0;C120
20211001;20211002;20211002;1;4;1;1;0;0;C121
20211101;20211117;20211117;1;5;16;16;0;0;C122
20211201;20211204;20211204;5;6;3;3;0;0;C123
20220101;20220112;20220114;3;2;11;13;1;2;C100
20220201;20220206;20220206;2;8;5;5;0;0;C101
20220301;20220319;20220319;1;10;18;18;0;0;C102
20220401;20220417;20220417;2;6;16;16;0;0;C103
20220501;20220509;20220509;3;9;8;8;0;0;C104
20220601;20220611;20220611;3;4;10;10;0;0;C105
20220701;20220718;20220724;2;7;17;23;1;6;C106
20220801;20220818;20220819;2;4;17;18;1;1;C107
20220901;20220918;20220918;1;5;17;17;0;0;C108
20221001;20221011;20221011;4;3;10;10;0;0;C109
20221101;20221115;20221115;1;9;14;14;0;0;C110
20221201;20221209;20221209;2;3;8;8;0;0;C111
20210101;20210115;20210116;4;3;14;15;1;1;C112
20210201;20210213;20210213;5;2;12;12;0;0;C113
20210301;20210309;20210309;4;6;8;8;0;0;C114
20210401;20210414;20210418;5;4;13;17;1;4;C115
20210501;20210504;20210504;1;8;3;3;0;0;C116
20210601;20210607;20210607;2;9;6;6;0;0;C117
20210701;20210709;20210709;1;9;8;8;0;0;C118
20210801;20210810;20210810;5;6;9;9;0;0;C119
20210901;20210904;20210905;2;5;3;4;1;1;C120
20211001;20211010;20211010;5;1;9;9;0;0;C121
20211101;20211105;20211110;3;8;4;9;1;5;C122
20211201;20211202;20211205;2;8;1;4;1;3;C123
20220101;20220120;20220120;5;2;19;19;0;0;C100
20220201;20220206;20220206;4;4;5;5;0;0;C101
20220301;20220305;20220306;1;1;4;5;1;1;C102
20220401;20220418;20220419;3;2;17;18;1;1;C103
20220501;20220518;20220518;5;5;17;17;0;0;C104
20220601;20220603;20220604;1;2;2;3;1;1;C105
20220701;20220720;20220720;3;4;19;19;0;0;C106
20220801;20220812;20220816;2;5;11;15;1;4;C107
20220901;20220915;20220917;2;5;14;16;1;2;C108
20221001;20221002;20221002;2;8;1;1;0;0;C109
20221101;20221103;20221103;5;4;2;2;0;0;C110
20221201;20221207;20221208;4;7;6;7;1;1;C111
20210101;20210110;20210110;5;6;9;9;0;0;C112
20210201;20210216;20210217;2;8;15;16;1;1;C113
20210301;20210304;20210304;1;10;3;3;0;0;C114
20210401;20210415;20210416;2;9;14;15;1;1;C115
20210501;20210504;20210505;2;7;3;4;1;1;C116
20210601;20210620;20210622;1;8;19;21;1;2;C117
20210701;20210713;20210713;1;2;12;12;0;0;C118
20210801;20210820;20210821;1;10;19;20;1;1;C119
20210901;20210909;20210911;4;1;8;10;1;2;C120
20211001;20211005;20211005;2;4;4;4;0;0;C121
20211101;20211107;20211109;3;1;6;8;1;2;C122
20211201;20211203;20211204;5;10;2;3;1;1;C123
20220101;20220113;20220113;4;8;12;12;0;0;C100
20220201;20220215;20220215;1;9;14;14;0;0;C101
20220301;20220310;20220312;3;1;9;11;1;2;C102
20220401;20220417;20220417;3;3;16;16;0;0;C103
20220501;20220521;20220522;4;2;20;21;1;1;C104
20220601;20220612;20220613;3;6;11;12;1;1;C105
20220701;20220711;20220711;3;8;10;10;0;0;C106
20220801;20220812;20220816;3;10;11;15;1;4;C107
20220901;20220905;20220906;5;8;4;5;1;1;C108
20221001;20221017;20221017;3;3;16;16;0;0;C109
20221101;20221119;20221124;4;1;18;23;1;5;C110
20221201;20221214;20221215;1;7;13;14;1;1;C111
20210101;20210105;20210106;5;4;4;5;1;1;C112
20210201;20210204;20210204;2;8;3;3;0;0;C113
20210301;20210303;20210303;5;1;2;2;0;0;C114
20210401;20210419;20210419;4;5;18;18;0;0;C115
20210501;20210505;20210506;1;3;4;5;1;1;C116
20210601;20210605;20210611;4;1;4;10;1;6;C117
20210701;20210716;20210716;2;1;15;15;0;0;C118
20210801;20210820;20210820;3;1;19;19;0;0;C119
20210901;20210911;20210911;2;1;10;10;0;0;C120
20211001;20211020;20211021;2;6;19;20;1;1;C121
20211101;20211116;20211116;5;8;15;15;0;0;C122
20211201;20211220;20211220;3;6;19;19;0;0;C123
20220101;20220103;20220109;1;1;2;8;1;6;C100
20220201;20220217;20220220;5;6;16;19;1;3;C101
20220301;20220314;20220316;4;6;13;15;1;2;C102
20220401;20220403;20220403;4;7;2;2;0;0;C103
20220501;20220507;20220509;4;6;6;8;1;2;C104
20220601;20220612;20220613;5;3;11;12;1;1;C105
20220701;20220717;20220717;2;8;16;16;0;0;C106
20220801;20220811;20220811;1;5;10;10;0;0;C107
20220901;20220911;20220911;3;4;10;10;0;0;C108
20221001;20221018;20221019;5;1;17;18;1;1;C109
20221101;20221109;20221110;4;5;8;9;1;1;C110
20221201;20221216;20221219;5;8;15;18;1;3;C111
20210101;20210103;20210103;2;8;2;2;0;0;C112
20210201;20210209;20210211;3;4;8;10;1;2;C113
20210301;20210308;20210311;2;2;7;10;1;3;C114
20210401;20210403;20210405;5;3;2;4;1;2;C115
20210501;20210510;20210510;3;1;9;9;0;0;C116
20210601;20210603;20210605;3;7;2;4;1;2;C117
20210701;20210718;20210719;1;1;17;18;1;1;C118
20210801;20210813;20210815;3;9;12;14;1;2;C119
20210901;20210910;20210910;2;3;9;9;0;0;C120
20211001;20211007;20211007;2;2;6;6;0;0;C121
20211101;20211113;20211113;5;1;12;12;0;0;C122
20211201;20211211;20211212;4;7;10;11;1;1;C123
20220101;20220118;20220121;2;8;17;20;1;3;C100
20220201;20220219;20220220;3;7;18;19;1;1;C101
20220301;20220303;20220304;4;3;2;3;1;1;C102
20220401;20220404;20220404;5;7;3;3;0;0;C103
20220501;20220503;20220507;4;7;2;6;1;4;C104
20220601;20220618;20220618;2;1;17;17;0;0;C105
20220701;20220716;20220716;5;6;15;15;0;0;C106
20220801;20220802;20220802;2;1;1;1;0;0;C107
20220901;20220920;20220921;4;2;19;20;1;1;C108
20221001;20221013;20221019;5;3;12;18;1;6;C109
20221101;20221106;20221109;1;6;5;8;1;3;C110
20221201;20221202;20221202;2;7;1;1;0;0;C111
20210101;20210121;20210127;1;1;20;26;1;6;C112
20210201;20210210;20210212;5;10;9;11;1;2;C113
20210301;20210311;20210311;2;6;10;10;0;0;C114
20210401;20210409;20210409;3;10;8;8;0;0;C115
20210501;20210506;20210508;2;8;5;7;1;2;C116
20210601;20210604;20210605;1;2;3;4;1;1;C117
20210701;20210706;20210706;4;1;5;5;0;0;C118
20210801;20210802;20210805;3;2;1;4;1;3;C119
20210901;20210914;20210914;3;9;13;13;0;0;C120
20211001;20211004;20211004;2;1;3;3;0;0;C121
20211101;20211115;20211115;3;6;14;14;0;0;C122
20211201;20211212;20211216;1;8;11;15;1;4;C123
20220101;20220112;20220112;5;10;11;11;0;0;C100
20220201;20220211;20220212;4;4;10;11;1;1;C101
20220301;20220321;20220321;4;5;20;20;0;0;C102
20220401;20220415;20220417;1;5;14;16;1;2;C103
20220501;20220520;20220522;4;3;19;21;1;2;C104
20220601;20220610;20220611;2;6;9;10;1;1;C105
20220701;20220705;20220706;2;2;4;5;1;1;C106
20220801;20220807;20220807;4;8;6;6;0;0;C107
20220901;20220920;20220922;2;7;19;21;1;2;C108
20221001;20221013;20221013;5;8;12;12;0;0;C109
20221101;20221111;20221114;4;6;10;13;1;3;C110
20221201;20221208;20221208;1;7;7;7;0;0;C111
20210101;20210110;20210111;5;1;9;10;1;1;C112
20210201;20210213;20210213;5;7;12;12;0;0;C113
20210301;20210320;20210320;5;9;19;19;0;0;C114
20210401;20210408;20210411;1;6;7;10;1;3;C115
20210501;20210517;20210517;5;1;16;16;0;0;C116
20210601;20210615;20210616;5;2;14;15;1;1;C117
20210701;20210714;20210715;4;6;13;14;1;1;C118
20210801;20210805;20210806;3;2;4;5;1;1;C119
20210901;20210914;20210916;4;3;13;15;1;2;C120
20211001;20211006;20211006;5;2;5;5;0;0;C121
20211101;20211108;20211109;3;9;7;8;1;1;C122
20211201;20211218;20211219;4;9;17;18;1;1;C123
20220101;20220116;20220118;5;10;15;17;1;2;C100
20220201;20220207;20220207;5;9;6;6;0;0;C101
20220301;20220317;20220318;1;3;16;17;1;1;C102
20220401;20220402;20220402;1;3;1;1;0;0;C103
20220501;20220505;20220505;2;1;4;4;0;0;C104
20220601;20220618;20220619;2;6;17;18;1;1;C105
20220701;20220719;20220719;4;1;18;18;0;0;C106
20220801;20220819;20220820;4;5;18;19;1;1;C107
20220901;20220907;20220907;1;7;6;6;0;0;C108
20221001;20221009;20221011;2;3;8;10;1;2;C109
20221101;20221121;20221124;4;4;20;23;1;3;C110
20221201;20221207;20221208;4;9;6;7;1;1;C111
20210101;20210106;20210106;2;6;5;5;0;0;C112
20210201;20210211;20210214;5;10;10;13;1;3;C113
20210301;20210302;20210303;3;6;1;2;1;1;C114
20210401;20210419;20210419;3;3;18;18;0;0;C115
20210501;20210513;20210514;4;6;12;13;1;1;C116
20210601;20210604;20210604;4;4;3;3;0;0;C117
20210701;20210721;20210724;5;2;20;23;1;3;C118
20210801;20210820;20210820;5;2;19;19;0;0;C119
20210901;20210920;20210923;2;7;19;22;1;3;C120
20211001;20211019;20211019;1;9;18;18;0;0;C121
20211101;20211104;20211105;1;1;3;4;1;1;C122
20211201;20211220;20211220;5;2;19;19;0;0;C123
20220101;20220108;20220108;2;7;7;7;0;0;C100
20220201;20220220;20220221;1;4;19;20;1;1;C101
20220301;20220309;20220310;2;4;8;9;1;1;C102
20220401;20220405;20220405;2;4;4;4;0;0;C103
20220501;20220514;20220518;1;4;13;17;1;4;C104
20220601;20220606;20220607;3;8;5;6;1;1;C105
20220701;20220710;20220710;4;6;9;9;0;0;C106
20220801;20220820;20220822;2;8;19;21;1;2;C107
20220901;20220921;20220923;3;3;20;22;1;2;C108
20221001;20221006;20221006;5;3;5;5;0;0;C109
20221101;20221104;20221104;3;7;3;3;0;0;C110
20221201;20221204;20221204;4;5;3;3;0;0;C111
20210101;20210113;20210113;3;8;12;12;0;0;C112
20210201;20210203;20210207;2;7;2;6;1;4;C113
20210301;20210315;20210316;3;7;14;15;1;1;C114
20210401;20210418;20210420;3;9;17;19;1;2;C115
20210501;20210512;20210513;3;7;11;12;1;1;C116
20210601;20210614;20210615;1;9;13;14;1;1;C117
20210701;20210712;20210713;5;6;11;12;1;1;C118
20210801;20210805;20210808;2;8;4;7;1;3;C119
20210901;20210918;20210919;3;1;17;18;1;1;C120
20211001;20211013;20211014;5;2;12;13;1;1;C121
20211101;20211102;20211103;2;9;1;2;1;1;C122
20211201;20211221;20211221;3;9;20;20;0;0;C123
20220101;20220114;20220116;2;6;13;15;1;2;C100
20220201;20220205;20220205;1;4;4;4;0;0;C101
20220301;20220306;20220310;1;9;5;9;1;4;C102
20220401;20220402;20220402;2;10;1;1;0;0;C103
20220501;20220511;20220512;4;2;10;11;1;1;C104
20220601;20220607;20220610;2;4;6;9;1;3;C105
20220701;20220716;20220716;3;2;15;15;0;0;C106
20220801;20220816;20220816;4;9;15;15;0;0;C107
20220901;20220911;20220913;5;5;10;12;1;2;C108
20221001;20221021;20221023;5;9;20;22;1;2;C109
20221101;20221105;20221108;2;4;4;7;1;3;C110
20221201;20221217;20221218;4;6;16;17;1;1;C111
20210101;20210117;20210117;3;2;16;16;0;0;C112
20210201;20210206;20210207;4;2;5;6;1;1;C113
20210301;20210314;20210314;1;9;13;13;0;0;C114
20210401;20210414;20210414;1;10;13;13;0;0;C115
20210501;20210512;20210512;3;9;11;11;0;0;C116
20210601;20210616;20210623;1;1;15;22;1;7;C117
20210701;20210702;20210707;5;2;1;6;1;5;C118
20210801;20210809;20210810;4;8;8;9;1;1;C119
20210901;20210909;20210911;1;6;8;10;1;2;C120
20211001;20211010;20211010;1;9;9;9;0;0;C121
20211101;20211109;20211112;2;10;8;11;1;3;C122
20211201;20211214;20211214;3;3;13;13;0;0;C123
20220101;20220115;20220115;2;5;14;14;0;0;C100
20220201;20220217;20220217;2;5;16;16;0;0;C101
20220301;20220308;20220308;4;10;7;7;0;0;C102
20220401;20220408;20220410;1;4;7;9;1;2;C103
20220501;20220508;20220510;3;5;7;9;1;2;C104
20220601;20220613;20220613;4;7;12;12;0;0;C105
20220701;20220704;20220704;5;1;3;3;0;0;C106
20220801;20220804;20220806;5;7;3;5;1;2;C107
20220901;20220909;20220910;2;3;8;9;1;1;C108
20221001;20221018;20221020;1;7;17;19;1;2;C109
20221101;20221118;20221119;5;9;17;18;1;1;C110
20221201;20221209;20221209;1;9;8;8;0;0;C111
20210101;20210114;20210114;2;4;13;13;0;0;C112
20210201;20210203;20210203;4;2;2;2;0;0;C113
20210301;20210308;20210309;2;2;7;8;1;1;C114
20210401;20210409;20210409;3;1;8;8;0;0;C115
20210501;20210502;20210503;4;4;1;2;1;1;C116
20210601;20210612;20210612;5;1;11;11;0;0;C117
20210701;20210705;20210705;2;5;4;4;0;0;C118
20210801;20210813;20210815;5;2;12;14;1;2;C119
20210901;20210907;20210908;1;7;6;7;1;1;C120
20211001;20211009;20211010;2;4;8;9;1;1;C121
20211101;20211113;20211116;3;3;12;15;1;3;C122
20211201;20211206;20211207;2;9;5;6;1;1;C123
20220101;20220118;20220118;3;7;17;17;0;0;C100
20220201;20220209;20220210;2;2;8;9;1;1;C101
20220301;20220315;20220315;1;3;14;14;0;0;C102
20220401;20220412;20220413;1;3;11;12;1;1;C103
20220501;20220513;20220513;1;7;12;12;0;0;C104
20220601;20220612;20220613;3;10;11;12;1;1;C105
20220701;20220720;20220720;1;9;19;19;0;0;C106
20220801;20220819;20220824;3;5;18;23;1;5;C107
20220901;20220916;20220916;4;6;15;15;0;0;C108
20221001;20221006;20221006;4;9;5;5;0;0;C109
20221101;20221118;20221118;3;10;17;17;0;0;C110
20221201;20221220;20221220;3;6;19;19;0;0;C111
20210101;20210109;20210109;5;2;8;8;0;0;C112
20210201;20210202;20210203;3;3;1;2;1;1;C113
20210301;20210317;20210317;5;6;16;16;0;0;C114
20210401;20210409;20210415;4;1;8;14;1;6;C115
20210501;20210515;20210516;5;1;14;15;1;1;C116
20210601;20210616;20210617;2;2;15;16;1;1;C117
20210701;20210715;20210715;4;2;14;14;0;0;C118
20210801;20210820;20210821;2;9;19;20;1;1;C119
20210901;20210912;20210913;5;4;11;12;1;1;C120
20211001;20211004;20211005;3;5;3;4;1;1;C121
20211101;20211108;20211109;3;9;7;8;1;1;C122
20211201;20211202;20211202;1;5;1;1;0;0;C123
20220101;20220121;20220126;3;7;20;25;1;5;C100
20220201;20220213;20220213;4;8;12;12;0;0;C101
20220301;20220317;20220320;2;9;16;19;1;3;C102
20220401;20220416;20220418;3;2;15;17;1;2;C103
20220501;20220521;20220522;5;2;20;21;1;1;C104
20220601;20220614;20220614;5;2;13;13;0;0;C105
20220701;20220704;20220704;3;9;3;3;0;0;C106
20220801;20220814;20220816;4;2;13;15;1;2;C107
20220901;20220906;20220906;2;3;5;5;0;0;C108
20221001;20221016;20221016;1;10;15;15;0;0;C109
20221101;20221113;20221113;1;5;12;12;0;0;C110
20221201;20221219;20221219;3;9;18;18;0;0;C111
20210101;20210106;20210110;3;4;5;9;1;4;C112
20210201;20210213;20210213;2;10;12;12;0;0;C113
20210301;20210304;20210305;5;2;3;4;1;1;C114
20210401;20210409;20210411;2;7;8;10;1;2;C115
20210501;20210519;20210522;1;9;18;21;1;3;C116
20210601;20210619;20210619;5;9;18;18;0;0;C117
20210701;20210708;20210708;1;5;7;7;0;0;C118
20210801;20210813;20210815;3;3;12;14;1;2;C119
20210901;20210910;20210911;4;10;9;10;1;1;C120
20211001;20211016;20211017;1;6;15;16;1;1;C121
20211101;20211104;20211105;2;9;3;4;1;1;C122
20211201;20211221;20211223;3;10;20;22;1;2;C123
20220101;20220118;20220119;5;4;17;18;1;1;C100
20220201;20220214;20220215;2;4;13;14;1;1;C101
20220301;20220312;20220313;1;8;11;12;1;1;C102
20220401;20220402;20220402;1;2;1;1;0;0;C103
20220501;20220503;20220503;3;2;2;2;0;0;C104
20220601;20220613;20220615;4;7;12;14;1;2;C105
20220701;20220708;20220708;3;2;7;7;0;0;C106
20220801;20220817;20220818;5;5;16;17;1;1;C107
20220901;20220917;20220918;2;6;16;17;1;1;C108
20221001;20221021;20221021;1;7;20;20;0;0;C109
20221101;20221114;20221114;3;4;13;13;0;0;C110
20221201;20221220;20221221;3;9;19;20;1;1;C111
20210101;20210105;20210106;3;8;4;5;1;1;C112
20210201;20210213;20210214;2;10;12;13;1;1;C113
20210301;20210302;20210303;2;9;1;2;1;1;C114
20210401;20210406;20210406;5;3;5;5;0;0;C115
20210501;20210520;20210521;2;4;19;20;1;1;C116
20210601;20210615;20210620;1;1;14;19;1;5;C117
20210701;20210717;20210719;5;5;16;18;1;2;C118
20210801;20210808;20210808;5;2;7;7;0;0;C119
20210901;20210905;20210905;1;5;4;4;0;0;C120
20211001;20211015;20211015;1;10;14;14;0;0;C121
20211101;20211115;20211115;2;5;14;14;0;0;C122
20211201;20211206;20211207;3;3;5;6;1;1;C123
20220101;20220104;20220104;4;5;3;3;0;0;C100
20220201;20220206;20220206;2;4;5;5;0;0;C101
20220301;20220311;20220312;5;1;10;11;1;1;C102
20220401;20220416;20220417;4;6;15;16;1;1;C103
20220501;20220519;20220519;3;3;18;18;0;0;C104
20220601;20220616;20220616;3;7;15;15;0;0;C105
20220701;20220719;20220719;5;9;18;18;0;0;C106
20220801;20220805;20220807;5;10;4;6;1;2;C107
20220901;20220914;20220914;3;10;13;13;0;0;C108
20221001;20221008;20221013;4;6;7;12;1;5;C109
20221101;20221117;20221117;3;9;16;16;0;0;C110
20221201;20221214;20221214;5;6;13;13;0;0;C111
20210101;20210117;20210117;5;5;16;16;0;0;C112
20210201;20210215;20210216;3;3;14;15;1;1;C113
20210301;20210315;20210320;4;9;14;19;1;5;C114
20210401;20210417;20210418;3;2;16;17;1;1;C115
20210501;20210504;20210504;2;10;3;3;0;0;C116
20210601;20210602;20210605;5;6;1;4;1;3;C117
20210701;20210716;20210718;4;8;15;17;1;2;C118
20210801;20210805;20210805;5;10;4;4;0;0;C119
20210901;20210919;20210920;3;5;18;19;1;1;C120
20211001;20211019;20211022;2;10;18;21;1;3;C121
20211101;20211113;20211114;1;4;12;13;1;1;C122
20211201;20211217;20211217;1;9;16;16;0;0;C123
20220101;20220117;20220117;5;3;16;16;0;0;C100
20220201;20220215;20220215;5;7;14;14;0;0;C101
20220301;20220314;20220314;4;8;13;13;0;0;C102
20220401;20220420;20220421;4;7;19;20;1;1;C103
20220501;20220519;20220519;5;3;18;18;0;0;C104
20220601;20220613;20220613;4;10;12;12;0;0;C105
20220701;20220721;20220721;4;8;20;20;0;0;C106
20220801;20220811;20220812;1;3;10;11;1;1;C107
20220901;20220918;20220922;1;8;17;21;1;4;C108
20221001;20221008;20221010;5;1;7;9;1;2;C109
20221101;20221104;20221105;3;3;3;4;1;1;C110
20221201;20221216;20221218;3;3;15;17;1;2;C111
20210101;20210115;20210115;3;7;14;14;0;0;C112
20210201;20210203;20210207;3;1;2;6;1;4;C113
20210301;20210311;20210311;1;5;10;10;0;0;C114
20210401;20210402;20210402;5;9;1;1;0;0;C115
20210501;20210515;20210515;2;7;14;14;0;0;C116
20210601;20210613;20210613;1;10;12;12;0;0;C117
20210701;20210709;20210709;4;6;8;8;0;0;C118
20210801;20210815;20210815;5;10;14;14;0;0;C119
20210901;20210909;20210910;2;8;8;9;1;1;C120
20211001;20211014;20211014;4;5;13;13;0;0;C121
20211101;20211102;20211104;4;8;1;3;1;2;C122
20211201;20211217;20211217;1;9;16;16;0;0;C123
20220101;20220104;20220105;5;6;3;4;1;1;C100
20220201;20220211;20220211;2;4;10;10;0;0;C101
20220301;20220315;20220316;4;2;14;15;1;1;C102
20220401;20220418;20220418;3;8;17;17;0;0;C103
20220501;20220510;20220513;2;4;9;12;1;3;C104
20220601;20220612;20220613;1;10;11;12;1;1;C105
20220701;20220718;20220718;2;6;17;17;0;0;C106
20220801;20220807;20220807;5;7;6;6;0;0;C107
20220901;20220906;20220906;3;1;5;5;0;0;C108
20221001;20221018;20221018;4;7;17;17;0;0;C109
20221101;20221121;20221122;2;8;20;21;1;1;C110
20221201;20221216;20221217;4;1;15;16;1;1;C111
20210101;20210108;20210108;4;6;7;7;0;0;C112
20210201;20210218;20210219;3;5;17;18;1;1;C113
20210301;20210313;20210315;3;7;12;14;1;2;C114
20210401;20210402;20210404;5;10;1;3;1;2;C115
20210501;20210508;20210510;5;10;7;9;1;2;C116
20210601;20210613;20210613;3;10;12;12;0;0;C117
20210701;20210716;20210716;2;2;15;15;0;0;C118
20210801;20210818;20210818;1;6;17;17;0;0;C119
20210901;20210904;20210904;5;9;3;3;0;0;C120
20211001;20211017;20211019;4;2;16;18;1;2;C121
20211101;20211121;20211121;5;9;20;20;0;0;C122
20211201;20211215;20211215;4;6;14;14;0;0;C123